[2]
[9]
[10]
[11]
[12]
[18]
[19]
[23]
[30]
[31]
[32]
[36]
[37]
[38]
[39]
[41]
[45]
[47]
[48]
[49]
[52]
[53]
[55]
[56]
[60]
[62]
[65]
[76]
[78]
[79]
[80]
[89]
[94]
[101]
[103]
[105]
[107]
[110]
[117]
[123]
[136]
[147]
[150]
[155]
[156]
[161]
[170]
[175]
[176]
[178]
[179]
[185]
[186]
[201]
[208]
[209]
[225]
[229]
[237]
[242]
[246]
[248]
[249]
[251]
[255]
[258]
[259]
[260]
[261]
[264]
[267]
[269]
[270]
[271]
[272]
[279]
[281]
[286]
[297]
[301]
[310]
[319]
[334]
[338]
[340]
[345]
[351]
[352]
[365]
[371]
[374]
[379]
[384]
[389]
[396]
[398]
[405]
[407]
[408]
[413]
[415]
[418]
[420]
[425]
[426]
[432]
[438]
[441]
[449]
[464]
[475]
[479]
[488]
[490]
[514]
[522]
[533]
[535]
[544]
[547]
[548]
[549]
[570]
[571]
[581]
[589]
[591]
[592]
[604]
[623]
[649]
[664]
[675]
[677]
[681]
[694]
[703]
[704]
[740]
[766]
[772]
[783]
[789]
[790]
[793]
[798]
[806]
[808]
[809]
[812]
[824]
[830]
[831]
[842]
[846]
[855]
[856]
[865]
[878]
[885]
[910]
[913]
[916]
[947]
[956]
[961]
[976]
[979]
[1000]
[1004]
[1020]
[1043]
[1052]
[1062]
[1066]
[1067]
[1103]
[1113]
[1121]
[1126]
[1135]
[1144]
[1146]
[1158]
[1198]
[1239]
[1277]
[1327]
[1344]
[1355]
[1361]
[1393]
[1404]
[1417]
[1435]
[1479]
[1481]
[1486]
[1513]
[1543]
[1557]
[1578]
[1585]
[1600]
[1659]
[1677]
[1693]
[1704]
[1714]
[1715]
[1783]
[1814]
[1867]
[1872]
[1986]
[1987]
[2046]
[2051]
[2056]
[2080]
[2118]
[2135]
[2168]
[2184]
[2199]
[2238]
[2241]
[2284]
[2329]
[2343]
[2383]
[2399]
[2437]
[2505]
[2523]
[2673]
[2775]
[2879]
[2958]
[2987]
[3270]
[3361]
[3616]
[3799]
[4336]
[4698]
[4883]
[8978]
[8985]
[9501]
[9555]
[10444]
[10446]
[10491]
[10515]
[10653]
[10656]
[12925]
[12929]
[12943]
[12946]
[12951]
[12959]
[13041]
[13189]
[14098]
[14099]
[14933]
[15618]
[15832]
[16010]
[16011]
[16217]
[16430]
[9, 39]
[9, 48]
[10, 39]
[10, 48]
[11, 39]
[11, 48]
[18, 39]
[18, 48]
[19, 39]
[19, 48]
[23, 39]
[23, 48]
[31, 39]
[31, 48]
[32, 36]
[32, 38]
[32, 39]
[32, 41]
[32, 48]
[32, 65]
[32, 89]
[32, 101]
[32, 110]
[32, 170]
[32, 225]
[32, 237]
[32, 270]
[32, 271]
[32, 310]
[32, 475]
[36, 38]
[36, 39]
[36, 41]
[36, 48]
[37, 38]
[37, 39]
[37, 48]
[38, 39]
[38, 41]
[38, 47]
[38, 48]
[38, 55]
[38, 56]
[38, 65]
[38, 89]
[38, 105]
[38, 110]
[38, 170]
[38, 225]
[38, 237]
[38, 281]
[38, 286]
[38, 310]
[38, 371]
[38, 790]
[38, 2238]
[39, 41]
[39, 45]
[39, 48]
[39, 49]
[39, 55]
[39, 60]
[39, 65]
[39, 76]
[39, 78]
[39, 79]
[39, 89]
[39, 101]
[39, 103]
[39, 105]
[39, 107]
[39, 110]
[39, 117]
[39, 123]
[39, 147]
[39, 156]
[39, 161]
[39, 170]
[39, 175]
[39, 179]
[39, 185]
[39, 186]
[39, 201]
[39, 225]
[39, 229]
[39, 237]
[39, 242]
[39, 249]
[39, 255]
[39, 258]
[39, 260]
[39, 264]
[39, 267]
[39, 269]
[39, 270]
[39, 271]
[39, 272]
[39, 279]
[39, 286]
[39, 301]
[39, 310]
[39, 334]
[39, 338]
[39, 371]
[39, 379]
[39, 389]
[39, 396]
[39, 405]
[39, 407]
[39, 413]
[39, 438]
[39, 464]
[39, 475]
[39, 479]
[39, 522]
[39, 533]
[39, 535]
[39, 544]
[39, 548]
[39, 549]
[39, 570]
[39, 589]
[39, 592]
[39, 604]
[39, 649]
[39, 664]
[39, 675]
[39, 677]
[39, 681]
[39, 703]
[39, 740]
[39, 766]
[39, 772]
[39, 783]
[39, 789]
[39, 806]
[39, 809]
[39, 812]
[39, 824]
[39, 956]
[39, 976]
[39, 1004]
[39, 1135]
[39, 1146]
[39, 1198]
[39, 1327]
[39, 1344]
[39, 1393]
[39, 1435]
[39, 1578]
[39, 1600]
[39, 1814]
[39, 1986]
[39, 2238]
[39, 2958]
[39, 3270]
[39, 3616]
[39, 8978]
[39, 10515]
[39, 12925]
[39, 12929]
[39, 13041]
[39, 14098]
[39, 15832]
[39, 16010]
[39, 16011]
[39, 16217]
[41, 48]
[41, 65]
[41, 79]
[41, 89]
[41, 101]
[41, 110]
[41, 147]
[41, 170]
[41, 225]
[41, 237]
[41, 270]
[41, 271]
[41, 310]
[41, 413]
[41, 438]
[41, 475]
[41, 1146]
[41, 1327]
[41, 2238]
[41, 15832]
[41, 16010]
[41, 16217]
[45, 48]
[48, 49]
[48, 60]
[48, 65]
[48, 76]
[48, 78]
[48, 79]
[48, 89]
[48, 101]
[48, 103]
[48, 107]
[48, 110]
[48, 117]
[48, 123]
[48, 147]
[48, 156]
[48, 161]
[48, 170]
[48, 175]
[48, 179]
[48, 185]
[48, 186]
[48, 201]
[48, 225]
[48, 229]
[48, 237]
[48, 249]
[48, 255]
[48, 258]
[48, 264]
[48, 269]
[48, 270]
[48, 271]
[48, 286]
[48, 301]
[48, 310]
[48, 334]
[48, 338]
[48, 340]
[48, 389]
[48, 405]
[48, 407]
[48, 413]
[48, 425]
[48, 438]
[48, 464]
[48, 475]
[48, 479]
[48, 488]
[48, 522]
[48, 533]
[48, 535]
[48, 544]
[48, 548]
[48, 549]
[48, 570]
[48, 589]
[48, 592]
[48, 604]
[48, 649]
[48, 677]
[48, 703]
[48, 740]
[48, 766]
[48, 772]
[48, 783]
[48, 789]
[48, 812]
[48, 824]
[48, 956]
[48, 976]
[48, 1004]
[48, 1135]
[48, 1146]
[48, 1327]
[48, 1344]
[48, 1393]
[48, 1435]
[48, 1578]
[48, 1600]
[48, 1814]
[48, 2238]
[48, 2958]
[48, 3270]
[48, 10515]
[48, 12925]
[48, 12929]
[48, 13041]
[48, 14098]
[48, 15832]
[48, 16010]
[48, 16217]
[225, 2238]
[270, 271]
[16010, 16011]
[9, 39, 48]
[19, 39, 48]
[32, 36, 38]
[32, 38, 39]
[32, 38, 41]
[32, 38, 48]
[32, 38, 110]
[32, 38, 170]
[32, 39, 41]
[32, 39, 48]
[32, 39, 65]
[32, 39, 89]
[32, 39, 225]
[32, 41, 48]
[32, 48, 65]
[32, 48, 89]
[36, 38, 39]
[36, 38, 41]
[36, 38, 48]
[36, 39, 41]
[36, 39, 48]
[37, 38, 39]
[37, 38, 48]
[37, 39, 48]
[38, 39, 41]
[38, 39, 48]
[38, 39, 55]
[38, 39, 65]
[38, 39, 89]
[38, 39, 105]
[38, 39, 110]
[38, 39, 170]
[38, 39, 225]
[38, 39, 237]
[38, 39, 286]
[38, 39, 371]
[38, 41, 48]
[38, 41, 110]
[38, 41, 170]
[38, 48, 65]
[38, 48, 89]
[38, 48, 110]
[38, 48, 170]
[38, 48, 237]
[38, 48, 286]
[39, 41, 48]
[39, 41, 65]
[39, 41, 89]
[39, 41, 110]
[39, 41, 170]
[39, 41, 225]
[39, 41, 237]
[39, 41, 271]
[39, 41, 310]
[39, 41, 475]
[39, 41, 2238]
[39, 48, 49]
[39, 48, 60]
[39, 48, 65]
[39, 48, 78]
[39, 48, 79]
[39, 48, 89]
[39, 48, 101]
[39, 48, 110]
[39, 48, 123]
[39, 48, 147]
[39, 48, 170]
[39, 48, 179]
[39, 48, 185]
[39, 48, 201]
[39, 48, 225]
[39, 48, 237]
[39, 48, 249]
[39, 48, 255]
[39, 48, 258]
[39, 48, 264]
[39, 48, 270]
[39, 48, 271]
[39, 48, 286]
[39, 48, 301]
[39, 48, 310]
[39, 48, 338]
[39, 48, 413]
[39, 48, 438]
[39, 48, 475]
[39, 48, 522]
[39, 48, 533]
[39, 48, 548]
[39, 48, 570]
[39, 48, 589]
[39, 48, 592]
[39, 48, 604]
[39, 48, 677]
[39, 48, 783]
[39, 48, 824]
[39, 48, 956]
[39, 48, 1146]
[39, 48, 1327]
[39, 48, 1393]
[39, 48, 2238]
[39, 48, 2958]
[39, 48, 3270]
[39, 48, 12925]
[39, 48, 13041]
[39, 48, 14098]
[39, 48, 15832]
[39, 48, 16010]
[39, 48, 16217]
[39, 270, 271]
[39, 16010, 16011]
[41, 48, 65]
[41, 48, 89]
[41, 48, 110]
[41, 48, 170]
[41, 48, 225]
[41, 48, 310]
[41, 48, 475]
[32, 38, 39, 41]
[32, 38, 39, 48]
[32, 38, 41, 48]
[32, 39, 41, 48]
[32, 39, 48, 89]
[36, 38, 39, 41]
[36, 38, 39, 48]
[37, 38, 39, 48]
[38, 39, 41, 48]
[38, 39, 41, 110]
[38, 39, 41, 170]
[38, 39, 48, 89]
[38, 39, 48, 110]
[38, 39, 48, 170]
[38, 39, 48, 286]
[38, 41, 48, 110]
[38, 41, 48, 170]
[39, 41, 48, 65]
[39, 41, 48, 89]
[39, 41, 48, 170]
[39, 41, 48, 225]
[39, 41, 48, 310]
[32, 38, 39, 41, 48]
[38, 39, 41, 48, 170]
