[2]
[12]
[30]
[52]
[53]
[62]
[80]
[94]
[136]
[150]
[155]
[176]
[178]
[208]
[209]
[246]
[248]
[251]
[259]
[261]
[297]
[319]
[345]
[351]
[352]
[365]
[374]
[384]
[398]
[408]
[415]
[418]
[420]
[426]
[432]
[441]
[449]
[490]
[514]
[547]
[571]
[581]
[591]
[623]
[694]
[704]
[793]
[798]
[808]
[830]
[831]
[842]
[846]
[855]
[856]
[865]
[878]
[885]
[910]
[913]
[916]
[947]
[961]
[979]
[1000]
[1020]
[1043]
[1052]
[1062]
[1066]
[1067]
[1103]
[1113]
[1121]
[1126]
[1144]
[1158]
[1239]
[1277]
[1355]
[1361]
[1404]
[1417]
[1479]
[1481]
[1486]
[1513]
[1543]
[1557]
[1585]
[1659]
[1677]
[1693]
[1704]
[1714]
[1715]
[1783]
[1867]
[1872]
[1987]
[2046]
[2051]
[2056]
[2080]
[2118]
[2135]
[2168]
[2184]
[2199]
[2241]
[2284]
[2329]
[2343]
[2383]
[2399]
[2437]
[2505]
[2523]
[2673]
[2775]
[2879]
[2987]
[3361]
[3799]
[4336]
[4698]
[4883]
[8985]
[9501]
[9555]
[10444]
[10446]
[10491]
[10653]
[10656]
[12943]
[12946]
[12951]
[12959]
[13189]
[14099]
[14933]
[15618]
[16430]
[10, 39]
[10, 48]
[38, 310]
[38, 790]
[38, 56]
[38, 281]
[38, 2238]
[38, 47]
[11, 39]
[11, 48]
[39, 103]
[39, 175]
[39, 806]
[39, 407]
[39, 664]
[39, 1435]
[39, 260]
[39, 1814]
[39, 549]
[39, 809]
[39, 107]
[39, 272]
[39, 464]
[39, 789]
[39, 12929]
[39, 389]
[39, 1578]
[39, 675]
[39, 156]
[39, 229]
[39, 812]
[39, 279]
[39, 161]
[39, 1004]
[39, 1135]
[39, 8978]
[39, 396]
[39, 535]
[39, 117]
[39, 186]
[39, 1344]
[39, 267]
[39, 740]
[39, 479]
[39, 681]
[39, 45]
[39, 242]
[39, 10515]
[225, 2238]
[39, 334]
[39, 544]
[39, 1986]
[39, 269]
[39, 3616]
[39, 405]
[39, 1600]
[39, 976]
[39, 1198]
[39, 766]
[39, 76]
[39, 703]
[39, 772]
[39, 379]
[39, 649]
[18, 39]
[18, 48]
[41, 79]
[41, 16010]
[41, 1327]
[41, 16217]
[41, 1146]
[41, 413]
[41, 101]
[41, 15832]
[41, 438]
[41, 147]
[41, 270]
[23, 39]
[23, 48]
[45, 48]
[31, 39]
[31, 48]
[48, 103]
[48, 175]
[48, 407]
[48, 1435]
[48, 1814]
[48, 549]
[48, 107]
[48, 464]
[48, 789]
[48, 12929]
[48, 389]
[48, 1578]
[48, 156]
[48, 229]
[48, 812]
[48, 161]
[48, 425]
[48, 1004]
[48, 1135]
[48, 535]
[48, 117]
[48, 186]
[48, 1344]
[48, 740]
[48, 479]
[48, 10515]
[48, 334]
[48, 544]
[48, 488]
[48, 269]
[48, 405]
[48, 1600]
[48, 976]
[48, 340]
[48, 766]
[48, 76]
[48, 703]
[48, 772]
[48, 649]
[32, 271]
[32, 310]
[32, 475]
[32, 237]
[32, 101]
[32, 270]
[9, 39, 48]
[38, 39, 105]
[38, 39, 55]
[38, 39, 225]
[38, 39, 237]
[38, 39, 371]
[38, 39, 65]
[38, 48, 237]
[38, 48, 65]
[39, 16010, 16011]
[39, 41, 271]
[39, 41, 475]
[39, 41, 237]
[39, 41, 2238]
[39, 48, 79]
[39, 48, 301]
[39, 48, 16010]
[39, 48, 271]
[39, 48, 3270]
[39, 48, 783]
[39, 48, 179]
[39, 48, 249]
[39, 48, 570]
[39, 48, 522]
[39, 48, 1327]
[39, 48, 533]
[39, 48, 16217]
[39, 48, 475]
[39, 48, 956]
[39, 48, 264]
[39, 48, 592]
[39, 48, 1393]
[39, 48, 185]
[39, 48, 255]
[39, 48, 677]
[39, 48, 237]
[39, 48, 2958]
[39, 48, 1146]
[39, 48, 258]
[39, 48, 60]
[39, 48, 413]
[39, 48, 2238]
[39, 48, 604]
[39, 48, 123]
[39, 48, 338]
[39, 48, 824]
[39, 48, 101]
[39, 48, 13041]
[39, 48, 201]
[39, 48, 15832]
[39, 48, 438]
[39, 48, 548]
[39, 48, 147]
[39, 48, 49]
[39, 48, 270]
[39, 48, 14098]
[39, 48, 78]
[39, 48, 589]
[39, 48, 12925]
[39, 270, 271]
[41, 48, 475]
[19, 39, 48]
[32, 36, 38]
[32, 38, 110]
[32, 38, 170]
[32, 39, 225]
[32, 39, 65]
[32, 48, 65]
[36, 38, 39, 41]
[36, 38, 39, 48]
[37, 38, 39, 48]
[38, 39, 41, 110]
[38, 39, 48, 110]
[38, 39, 48, 89]
[38, 39, 48, 286]
[38, 41, 48, 110]
[39, 41, 48, 225]
[39, 41, 48, 310]
[39, 41, 48, 89]
[39, 41, 48, 65]
[32, 39, 48, 89]
[38, 39, 41, 48, 170]
[32, 38, 39, 41, 48]
